0555555555555555
5444454445444445
5444455445444445
5444454545444445
5554444455544445
5444544444445545
5554545444454445
5444544545445445
5554545454544545
5444544445455445
5444444444444445
5555555555554445
5444444444444445
5555555555555445
5444444444444445
5555555555555555

0555555555555550
0544444444444455
5555555555544455
5444444444444455
5555555555544455
5444444444444545
5454545454545445
5545454545454445
5444444444444445
5544444444444445
0544444444444445
0544444444444445
0544444444444445
0544444444444445
0544444444444455
0555555555555500

0000000000000000
0000000000000000
0055555555555500
0055555555555500
0054444444444500
0054544555554500
0054544544454500
0054544555454500
0054544544454500
0054544555454500
0054544544454500
0054544555554500
0054444444444500
0055555555555500
0000000000000000
0000000000000000

0555555555555555
5444444444444445
5444555555555545
5445000000000545
5450000555550545
5450005444450545
5450054445450545
5450544454450545
5450544544450545
5450545444500545
5450544445000545
5450555550000545
5450000000005445
5455555555554445
5444444444444445
5555555555555550

0000000000000000
0000000000000000
0555555500555000
0544544504545555
0054554500555444
0054544500400444
0544555500004444
5444444440400455
5455555555044445
5454444444444455
5455555555444454
5455555555444455
5454444444444444
5455555555555555
5444444445000000
0555555555000000

5555555555555500
0544444444444500
0544444444444500
0544444445555555
5544444445444444
5444444555444444
5444444544444444
5454444544455554
5555444545554454
5444444545444454
5454444545444454
5555445545555554
5444445444444444
5444445555555555
5444444444444500
5555555555555500

5550555055505550
5450545054505450
5450545054545450
5450545054545555
5450545054544444
5450545054544444
5455545555544444
5444444444444444
5444444444455554
5455555555550054
5454444444450054
5455554444455554
5444444444444444
5444444444444555
5544444444444500
5555555555555500

0005000500050000
0050505050505000
0500050005000500
5555555555555550
5444444444444455
5445444544444444
5454544555554444
5455444544444444
5444444444444444
5444554444454545
5445445444454545
5454444544454545
5454444544444444
5455555555555555
5444444444444450
5555555555555550

0055555555555500
0544444444444450
5445555555555445
5454444444444545
5454555555554545
5454444444444545
5454555555554545
5454444444444545
5454555555554545
5454444444444545
5454555555554545
5454444444444545
5445454444545445
0544445445444450
0054444554444500
0005444554444500

0555555555555555
5544444444444445
5445454545454545
5440404040404045
5444444444444445
5444444444444445
5455555555555545
5454444444444545
5455555555554545
5455540404054545
5555555555454545
0004040404054545
0505555555454545
0505040404054545
0555455455554555
0005444454554500

0000000000000000
0000000000000000
0000000000000000
0000000000000000
0000000000000000
0000000000000000
0000000000000000
0005050505050500
0000000000000000
0005555555555500
0005000000000000
0005444455505555
0055544454505445
0005444454505445
0055544455555445
0005444454445555

5500000000000000
5050000000000000
5005000000000000
5000500000000000
5550500400000000
5000504040005000
5550540404054500
5000504040454450
5500544444454450
0500544444455550
0500544454444500
0500544454444500
0550545555544500
0000544454444500
0055544454444500
0005444454444500

0000000000000000
0000000000000000
0000000000000000
0000000000000000
0000000000005555
0000000005554444
0000000005054444
0000000005554444
0000055554445444
0000050054445444
0000050054445444
0000050054445444
0000055554445444
0055544445554555
0050544445054500
0055544445554500

5000000000000000
0000000000000000
0050000000000050
0005500000000555
0005000000000050
0000055000000000
0000050000000004
0000000555000044
0000000500000004
0000000505555000
0000000005000004
0000000005055504
0000000005055550
0005000000055555
0000000000005500
0055555550400500

0000000000000000
0000000000000000
0000000000000000
0000000000555555
0000000000545454
0000000000545454
0000000000545454
0000000000505050
0000000000505050
0000004000505050
0000000000505050
0000004000505050
0000000000000000
0000004055555555
0055500054444000
0054504054444500

0000000000000000
0000000000000005
0000000000000005
0000000000000055
0000000000000005
0000000000000005
0000000000000005
0000000000000005
0000000000000005
0000000000050505
0000000000000005
0000000000050505
0000000000000005
0555000055555555
0505000054444500
0005555554444500

0555500050000000
0540555555555550
0540404050404040
5540404040405040
5040405040555550
4055505555505550
4050000000005550
4050505050505550
4050000000005550
4055505555505550
4040405040555550
4040404040405040
4555000000000000
5505000000000000
0555000000000000
0000000000000000

0555555550000000
0544444445000000
0544444444500000
0544555544450000
5555544544445000
4444555544444500
4454444444444450
4555444444444445
4454444444444445
4454545444444450
4454545444444500
4454545444445000
4454545444450000
5555555444500000
5444444445000000
5555555550000000

0555000000000000
0505000000000000
0005000400000000
0055004000000000
5550040400000000
4440400000000000
4444404000000000
4444040000000000
4554550550550550
4550550550550550
4444404000000000
4545450505050000
4444040000000000
5555004000000000
0505000400000000
0555000000000000

0055555555000000
0050000005555500
5555555555000000
5050505000055500
5050505000054500
0000000000054500
4444405550055500
0000050005000000
4444450505055500
0000050005054500
4444405550055500
0000000000000000
5550550555055500
5450450545054500
5550550555055500
0000000000000000

0000000000000000
0000000000000000
0000000000005050
0000000000000000
5555555555555555
4444554445444455
4444544445444454
5554544445444454
5054544445444454
5554554445444454
4444454445444454
4445554455444554
4444444444444444
5555555555555555
0000000000000000
0000000000000000

0000000000000000
0000000000000000
5505050505050505
0000000000000000
5555555555555555
4445444445444454
4445444445444454
4545444545445454
4555444555445554
4444444444444444
4444444444444444
4455444444444444
4445444444444444
5555555555555555
0000000000000000
0000000000000000

0000000000000000
0050000000000000
0555000000000000
0050000000000000
5550000000555555
4444444445445450
0000000054454544
4444444544545000
0000005445454444
4444454454500000
0000544545444444
4445445450000000
0054454544545454
5555555005555555
0000000000505050
0000000000000000

0000000000000000
0000000000000050
5550000000000544
4445000000005444
5555500000055555
4444450000544444
4444445005555544
4444444554444544
5555555554444444
5555555005555555
4444450000544444
5555500000055555
4445000000005444
5550000000000555
0000000000000000
0000000000000000

0555555000000000
0544445000000000
0544445005555000
5444445555445000
4544444444545000
5444454444545500
4444544445454500
4444444445454500
4544444445454550
5455555554545450
4544444444545450
4544455444545455
5455544555454545
4455544555454545
5455544555454555
4455544555454500

0555000000000000
0505000000005550
0555000000005050
0050000000005550
5550000000000500
5000000000000500
5055555555555500
5054444444444500
5055555555555500
5444444444444500
5055555555555500
5444444444444500
5055555555555500
5444444444444500
0055555555555500
4444444444444500

0000000000000000
0000000000000000
0050000000000000
5505000000000000
5050000000000000
5000000000000000
5500000000000000
4500000000000000
5550000000000000
4450000000000000
5455000000000000
5445000000000000
4444550000000000
5555455550000000
4445444455000000
4445545445555500

5000000000000000
4500000000000000
4500000000000000
5455550000000000
4544450000000000
5455450000000000
4544550550000000
5454555550000000
5445444450000000
4554444550000000
5445544500000000
4554444555555000
5445544454545000
4544454454545000
5455544454545000
4544454444445555

0000000000000000
0555555555555550
0500000000000050
0505555055555050
5505445054445055
4505445054445054
4505555055555054
4500000000000054
4505555055555054
4505445054445054
4505445054445054
4505445054445054
4505555055555054
5500000000000055
0555555555555550
0054544444444500

5000000000000005
5000000000000050
5000000000000005
5000000000000050
5555555555555555
4445444444444444
4455500000400004
4450504440004004
4450504004440404
4455504000404004
4445004400044044
4445044444444444
4455544445554444
5550544445054555
0050544445554500
0050544444444500

5000000000000005
0500000000000050
5000000000000500
5000000000000500
5555555555555555
4444440440444444
4444440444444440
4444444444444450
5555555555555555
0440444444444454
4444440404444444
4445445054554444
4444444444444444
5555555555555555
0000000000000000
0055555555555500

5500000000000055
0550000000000550
0055000000005500
5555500000055000
0000550000555555
5555555005504400
4444405555044444
4444444400044444
0500044044444444
4554444444444444
4444444444444440
4044404444044444
0044400440404044
5555555555555555
0054544444444500
0055544444444500

0005444444444500
0005444444444500
0005444444444500
0005444444444500
0005455545554500
0005450545054500
0005455545554500
0005444444444500
0005455555554500
0005444444444500
0005455555554500
0005444444444500
0000544555445000
0000054444450000
0000005555500000
0000000000000000

0005444444444500
0054444444444450
0544444444454445
5444444444545445
5445444444454445
5444544444445445
5444545445445445
5444545445545445
0554455445054445
0055505450005550
0000005445000000
0000005445000000
0000005445000000
0000005455000000
0000005445000000
0000000550000000

0055500050005550
0054500545505450
0054500545505450
0054500050005450
0054500000005450
0054500555505450
0054500000005550
0054500555500000
0054500000000000
0054500555500000
0054500000004000
0054500500044000
0054500000000000
0054500000000000
0055500000000000
0000000000000000

0005444444444500
0000555454454500
0005444545454500
0000555454545450
0005444545455450
0554544554545450
0005455005455450
0554455040545450
0005504040545450
0000004040545450
0000000405450500
0000000405450500
0000000405450500
0000000405504500
0000000040004500
0000000000000000

0005444444444500
0005455555544500
0005454444444555
0005454555544545
0005454444044555
0005454555544444
0005454544444444
0005454445454544
0005454544444444
0005454454545454
0005454444444444
0005455555555554
0005444444444444
0005555555555555
0000000000000000
0000000000000000

0005444444444500
0055445544554500
0005454455445505
0005445544550000
0005454455445555
0000545544554444
0000054455445554
0000005544554445
0000000055445454
0000000000554544
0000000000005454
0000000000000544
0000000000000054
0000000000000005
0000000000000000
0000000000000000

0055504040404500
0055504040404500
0055504040404500
0055004040404500
0055440404040555
0054540404040404
0055540404040444
0055444040404444
0055444040404444
0055445050544444
0055444444444444
0055444454545454
0055555444444444
0055505555555555
0000000000005000
0000000000000000

0005444444444500
0005555555555500
0000000000000000
0005555555555500
0005444444444555
0005555555555504
0000000000000004
0000000000555504
0005550000544504
0054445000555504
0544544500000504
0545554500555504
0544544500544504
0054445000555555
0005550000000000
0000000000000000

0555555444444500
0544445555544500
0555555000544500
0000000000555500
0055500000005000
0050544044005000
0055540040005000
0005444444405000
0005454444445000
0005444555545000
0005444444555500
0005454555544500
0005444444544500
0005454555544500
0005444444444500
0005444444444500

0055544444444500
0054504504504500
0054504504504500
0054544504505550
0054544505500000
0054544505005550
0054544505000000
0055544505005550
0005044505000000
0005044505505550
0055504504504500
0054504504504500
0054540504504500
0054540504504500
0054540504504500
0054544544444500

0005444444444500
0005444444444500
0005444444444500
0005555555555500
0000550000055000
0000504444405000
0000550000055000
0005555555555500
0005444444444500
0005444444444500
0005455555554500
0005444444444500
0005455555554500
0005444444444500
0005455555554500
0005444444444500

0005444444444500
0005444444444500
0005555545555500
0000000545000000
0000000545000000
0000000545000000
0000000545000000
0000000545000000
0000000050000000
0000005555500000
0000054444450000
0000544444445000
0005445555544500
0005445000544500
0005445555544500
0005444444444500

0005555555555500
0005444444445000
0005445454545050
0005455555555555
0005445454545454
0005440404044444
0005440404044444
0005444444444444
0005400000444444
0005404444444444
0005404444444444
0005404444444444
0005404555444444
0005404505444445
0555444555444450
0005444454444500

0055540404000500
0005440404040500
0055540404040500
0005440404040500
0055540404040555
0005440404440444
0055540404440444
0005440404440404
0055540404440444
0005440404440444
0055540400444444
0005440404440444
0055540404444444
0005440404440555
0055540404440500
0005000004444500

0005444444444500
0005444444444500
0005044444444500
0000504444444450
0000050444444445
0000005044444444
0000000504444444
5050050005444544
5050555500455554
5050050005444544
0000000504444444
0000005044444444
0000050444444444
0000504444444445
0005044444444450
0005444444444500

0005444444444500
0005445554444500
0055555054444555
0555445554445005
0545444444445555
0545444554444444
0545444555554444
0555554554444444
0500054554555554
0555554544500054
0555544544555554
0054444544544444
0054444544544444
0055544544544555
0005444444555500
0055544444444500

5555544444444500
5555544444444500
5555544444444500
5555544444444500
4444444444444500
4444444444444500
4444444445444500
4444444450544500
4444444500054500
4444444450544500
4444444445444500
4444444444444500
4444444444445500
5555555555555500
0050000500005500
0000000000000000

0055444545444500
0554555555555000
0544500000000000
5445005050000000
5450000000000000
5500000000000000
4500000000000000
4500000000000000
4500000000000000
4500000000000000
4500000000000000
4500000000000000
4500000000000000
5000000000000000
0000000000000000
0000000000000000

0005444454455500
0505444555500000
0505445005555500
0505450000000000
5505450555500000
4505500500500000
4505000555500000
4550000000000000
5500000000000000
5000000000000000
5000000000000000
5000000000000000
5000000000000000
5000000000000000
0000000000000000
0000000000000000

0005444444444500
0555555544445000
0544445444450000
0544454444500000
5544544445000000
4545444450000000
4554444500000000
4544445000000000
4444450000000000
4444500000000000
4445000000000000
4450000000000000
4500000000000000
5000000000000000
0000000000000000
0000000000000000

0005444444444500
0005000000000500
0555055555555500
0000050000000000
5555550555555555
4000000000000004
4055555555555554
4054444444444444
4054000000000004
4054555555555554
4054544444444444
4054545555555554
4054545000000004
5555555555555555
0000000000000000
0000000000000000

0005444444444500
0005444444444500
0005444544444500
0005445054444500
5555450005455555
4444500054450544
4445000544455544
4450005444444444
4500054444444444
4450544445555544
4445444445050544
4444444445555544
4444444444444444
5555555555555555
0000000000000000
0000000000000000

0005444444444500
0555555555555500
0555555555555500
0000000000000000
5000055505555555
5500050505054454
4550055505054454
4055000005054555
4045500405054545
4040550004044444
4040055044444444
4040005500444444
4555000554444444
5505000055555555
0555000000000000
0000000000000000

0005444444444500
0005445555544500
0505444444444505
0005445555544500
5555444444444555
4444555444555444
4444505444505444
4444555444555444
4444444555444444
4444444505444444
4444444555444444
4444444444444444
4444444444444444
5555555555555555
0000000000000000
0000000000000000

0005444444444500
0005444444444500
0005444445554500
0005555555054500
5000000005054500
5000000005554500
5005555000004500
5005445000004500
5005445444444500
5005445000004500
5005555555555500
5000000000000000
5005555555555500
5005444444444500
0055544444444500
0005444444444500

0005554555444500
0005555555445000
0000055555000000
0055555555444000
5055544555004000
4555544555000000
4555555555005000
4555555000440000
5550555000440000
5550055500000000
5550055544555000
4555055544005000
4555555500505000
5555555544544000
0005555544544500
0055444444445500

0000444444444500
0055555555554500
5555555444444500
5555555555554500
4444444444444500
5555555555554500
4444455544444500
5555555555554500
4444444444444500
5555555555554500
5544444444444500
5555555555554500
4444444444444500
5555555555554500
0444444444444500
5555555555554500

0055544544445500
0050545554450500
0050544544504500
5500544445040500
5005444450405000
5554444504050000
4444445040500000
4444450405000000
5444504050000000
5445040500000000
5450405000000000
5504050000000000
5555500000000000
5000000000000000
0055555555555500
0054544444444500

0055544444444500
0005444444444500
0055544444444500
0004444444444450
5005444444444445
4445454444444444
4445444444445444
4445555444450544
4444444444500054
4445555444555554
4444444444444444
4445555444444444
4444444444445554
5555555444445055
0005444444445550
0005444444444500

0055545554445500
0005445054444550
0005445554455500
0005444444450000
5055544555450555
5054544505450500
5054544555450500
5054544444450500
5054545554450500
5054545054450500
5054545554450500
5054544444450500
5054544555450500
5054544505450555
0054544555450000
0054544444455500

0055504004044500
0005404005544500
0555504005054500
0505404004554500
5505404004044505
0000504004045005
4444050005050005
0000045005000005
4444440500550005
4444440450000005
0000055405000005
5044000504500005
0500050504050005
5040540404045005
0005440404044500
0005440404044500

0055544444444500
0005544455544500
0000555550544500
0000000055544550
5555555444044505
4040545000444554
4040545444044444
4040545000444444
4550545444444444
4550545000005544
4040545000000544
4040545000005544
4040544444444444
5040555555555555
0000000000000000
0005444444444500
